6  2
7  8
5  3
7  9
5  6
8  4
6  6
5  6
0  8
3  4
9  9
1  7
2  5
8  1
4  4
9  8
6  3
1  5
7  8
8  8
3  4
0  4
6  3
3  9
6  4
1  5
4  0
0  3
0  9
1  2
7  4
1  2
9  8
3  5
9  9
8  9
7  4
6  0
0  6
1  6
7  1
3  5
7  2
7  8
9  4
8  9
9  9
8  5
9  0
3  5
0  9
3  8
0  4
8  6
5  7
6  5
8  8
7  3
4  4
6  4
9  2
4  4
3  8
3  1
6  0
6  4
8  7
6  3
7  9
4  5
5  9
3  2
8  0
8  0
4  6
3  7
5  5
5  2
6  8
3  8
8  3
3  3
2  2
6  7
7  7
8  8
2  7
4  3
2  8
2  9
9  3
3  4
7  2
6  6
3  4
9  4
5  7
9  9
6  9
5  3
