0  495  560  625.579815821
1  495  559  626.518390535
2  494  558  627.113556472
3  493  559  625.831571842
4  493  558  626.771365231
5  492  557  627.371073779
6  492  558  626.430583638
7  492  558  626.430583638
8  491  559  625.150397968
9  492  559  625.490278146
10  491  560  624.209765987
11  492  560  624.550158139
12  491  559  625.150397968
13  491  560  624.209765987
14  492  559  625.490278146
15  491  559  625.150397968
16  491  560  624.209765987
17  491  559  625.150397968
18  492  559  625.490278146
19  492  560  624.550158139
20  493  560  624.891965377
21  494  559  626.174276744
22  495  559  626.518390535
23  495  558  627.457155056
24  494  559  626.174276744
25  495  560  625.579815821
26  494  561  624.296283231
27  495  561  624.641431772
28  495  560  625.579815821
29  496  561  624.987989963
30  495  561  624.641431772
31  494  562  623.357571153
32  495  563  622.765239113
33  494  562  623.357571153
34  493  562  623.013316602
35  494  562  623.357571153
36  494  561  624.296283231
37  495  561  624.641431772
38  494  562  623.357571153
39  493  562  623.013316602
40  493  562  623.013316602
41  493  563  622.074275995
42  494  564  621.480720654
43  493  564  621.135425721
44  494  565  620.542583967
45  494  565  620.542583967
46  493  565  620.196766642
47  492  565  619.852369903
48  493  565  620.196766642
49  493  566  619.258299629
50  492  565  619.852369903
51  492  564  620.791549806
52  491  565  619.509396119
53  491  564  620.449095268
54  490  564  620.108064464
55  489  565  618.827726872
56  489  565  618.827726872
57  490  565  619.167847655
58  491  566  618.56988609
59  490  565  619.167847655
60  490  564  620.108064464
61  490  563  621.048468071
62  491  564  620.449095268
63  492  565  619.852369903
64  493  564  621.135425721
65  494  563  622.419050006
66  494  564  621.480720654
67  495  564  621.82743224
68  496  565  621.238470874
69  497  564  622.525095895
70  497  565  621.588535695
71  496  564  622.175558112
72  495  565  620.889819504
73  494  566  619.604640822
74  493  565  620.196766642
75  492  566  618.913380592
76  492  565  619.852369903
77  492  564  620.791549806
78  491  565  619.509396119
79  491  566  618.56988609
80  491  566  618.56988609
81  490  566  618.227818497
82  491  565  619.509396119
83  492  565  619.852369903
84  493  565  620.196766642
85  492  564  620.791549806
86  491  565  619.509396119
87  490  565  619.167847655
88  491  565  619.509396119
89  492  564  620.791549806
90  492  565  619.852369903
91  493  565  620.196766642
92  493  566  619.258299629
93  492  567  617.974582743
94  493  566  619.258299629
95  493  567  618.320025557
96  492  568  617.035977229
97  491  569  615.752499386
98  492  568  617.035977229
99  492  568  617.035977229
100  493  567  618.320025557
101  494  568  617.729338681
102  493  567  618.320025557
103  494  566  619.604640822
104  495  567  619.015179972
105  494  566  619.604640822
106  493  565  620.196766642
107  493  565  620.196766642
108  493  564  621.135425721
109  493  564  621.135425721
110  492  564  620.791549806
111  493  564  621.135425721
112  493  564  621.135425721
113  493  565  620.196766642
114  492  566  618.913380592
115  493  567  618.320025557
116  494  568  617.729338681
117  494  567  618.666892098
118  493  567  618.320025557
119  492  568  617.035977229
120  492  567  617.974582743
121  491  568  616.691436853
122  490  569  615.40886553
123  491  569  615.752499386
124  490  568  616.34832657
125  491  569  615.752499386
126  491  569  615.752499386
127  490  569  615.40886553
128  490  570  614.469595602
129  491  571  613.875203149
130  492  571  614.221323518
131  493  570  615.506369808
132  494  570  615.854821337
133  495  570  616.204698895
134  495  570  616.204698895
135  495  569  617.141327627
136  494  570  615.854821337
137  494  570  615.854821337
138  495  569  617.141327627
139  494  569  616.791981462
140  493  570  615.506369808
141  492  570  615.15934673
142  491  570  614.813754523
143  491  570  614.813754523
144  490  569  615.40886553
145  489  568  616.006648771
146  490  568  616.34832657
147  491  568  616.691436853
148  490  567  617.287977848
149  491  568  616.691436853
150  492  568  617.035977229
151  492  567  617.974582743
152  492  567  617.974582743
153  493  568  617.381945305
154  494  569  616.791981462
155  493  568  617.381945305
156  493  569  616.444059759
157  494  568  617.729338681
158  494  569  616.791981462
159  495  570  616.204698895
160  495  571  615.268269663
161  495  572  614.332040845
162  495  572  614.332040845
163  496  572  614.684412428
164  497  571  615.973363607
165  496  570  616.556000052
166  497  569  617.844283664
167  498  569  618.197888688
168  498  570  617.262863432
169  499  570  617.618420778
170  500  570  617.975391968
171  501  571  617.400575085
172  501  570  618.333774555
173  501  570  618.333774555
174  502  571  617.760910209
175  502  571  617.760910209
176  502  571  617.760910209
177  501  572  616.467585131
178  500  572  616.10811683
179  499  573  614.816194678
