0.000000000000000000e+00  6.246414317721443012e+02  2.159706805913366814e-314  2.159691881178337242e-314  2.159693051125786594e-314  6.246414317721443012e+02  2.159665889372840826e-314
1.000000000000000000e+00  6.246414317721443012e+02  2.159648782843919218e-314  2.159140393246873742e-314  2.158884364476673642e-314  6.240503185350577269e+02  2.159140456487276410e-314
2.000000000000000000e+00  6.255798158214220166e+02  2.158356496835606520e-314  2.159855705441447866e-314  2.159855768681850533e-314  6.234618531799968650e+02  2.159855831922253201e-314
3.000000000000000000e+00  6.268639108946845226e+02  2.159855990023259870e-314  2.159856084883863872e-314  2.159856179744467873e-314  6.225250958950804261e+02  2.159856274605071875e-314
4.000000000000000000e+00  6.255798158214220166e+02  2.159856432706078544e-314  2.159856495946481212e-314  2.159856559186883879e-314  6.228760432129676019e+02  2.159856685667689215e-314
5.000000000000000000e+00  6.242962832314848356e+02  2.159856843768695884e-314  2.159856907009098552e-314  2.159856970249501219e-314  6.219400115785409753e+02  2.159857033489903887e-314
6.000000000000000000e+00  6.233575711533716230e+02  2.159859246903997256e-314  2.159859278524198590e-314  2.159859341764601257e-314  6.219400115785409753e+02  2.159859436625205259e-314
7.000000000000000000e+00  6.220742759953983523e+02  2.159859594726211928e-314  2.159859657966614596e-314  2.159859721207017263e-314  6.222928961343097853e+02  2.159859784447419931e-314
8.000000000000000000e+00  6.224190500057025019e+02  2.159859942548426600e-314  2.159860005788829268e-314  2.159860037409030602e-314  6.217124194383507074e+02  2.159860132269634603e-314
9.000000000000000000e+00  6.211354257206266993e+02  2.159860290370641273e-314  2.159860353611043940e-314  2.159860385231245274e-314  6.222928961343097853e+02  2.159860480091849276e-314
1.000000000000000000e+01  6.201967666421104468e+02  2.159860606572654611e-314  2.159860638192855945e-314  2.159860701433258612e-314  6.222928961343097853e+02  2.159860796293862614e-314
1.100000000000000000e+01  6.205425839672838038e+02  2.159860954394869283e-314  2.159860986015070617e-314  2.159861049255473285e-314  6.228760432129676019e+02  2.159865254742250685e-314
1.200000000000000000e+01  6.211354257206266993e+02  2.159865412843257355e-314  2.159865444463458688e-314  2.159865507703861356e-314  6.228760432129676019e+02  2.159865634184666691e-314
1.300000000000000000e+01  6.207915498055374428e+02  2.159865760665472027e-314  2.159865792285673361e-314  2.159865855526076028e-314  6.215885356947463833e+02  2.159865918766478696e-314
1.400000000000000000e+01  6.204490952681401268e+02  2.159866108487686699e-314  2.159866171728089367e-314  2.159866234968492034e-314  6.210041794029091307e+02  2.159866329829096036e-314
1.500000000000000000e+01  6.207915498055374428e+02  2.159866424689700037e-314  2.159866487930102705e-314  2.159866551170505373e-314  6.219400115785409753e+02  2.159866646031109374e-314
1.600000000000000000e+01  6.220742759953983523e+02  2.159866804132116044e-314  2.159866867372518711e-314  2.159866930612921379e-314  6.232283976838160697e+02  2.159866993853324047e-314
1.700000000000000000e+01  6.207915498055374428e+02  2.159867151954330716e-314  2.159869238887618749e-314  2.159869270507820083e-314  6.235821569219123148e+02  2.159869365368424085e-314
1.800000000000000000e+01  6.207915498055374428e+02  2.159869555089632088e-314  2.159869586709833421e-314  2.159869649950236089e-314  6.241640992718616872e+02  0.000000000000000000e+00
1.900000000000000000e+01  6.220742759953983523e+02  4.783343548878942271e+55  2.152918644331420758e-314  -2.014529962484771831e+249  6.251000000000000227e+02  0.000000000000000000e+00
2.000000000000000000e+01  6.230133166019169266e+02  0.000000000000000000e+00  0.000000000000000000e+00  0.000000000000000000e+00  6.251000000000000227e+02  0.000000000000000000e+00
2.100000000000000000e+01  6.239525466807040175e+02  0.000000000000000000e+00  0.000000000000000000e+00  0.000000000000000000e+00  6.251000000000000227e+02  0.000000000000000000e+00
2.200000000000000000e+01  6.252351853799304990e+02  2.152872127062733513e-314  -1.429645498867377942e+141  2.152883186228150024e-314  6.238122734081797489e+02  2.152881700078687333e-314
2.300000000000000000e+01  6.252351853799304990e+02  0.000000000000000000e+00  0.000000000000000000e+00  0.000000000000000000e+00  6.232283976838160697e+02  0.000000000000000000e+00
2.400000000000000000e+01  6.261742767435825954e+02  2.152854285364130894e-314  -1.169298530027436902e-303  0.000000000000000000e+00  6.219400115785409753e+02  0.000000000000000000e+00
2.500000000000000000e+01  6.258315718421118845e+02  0.000000000000000000e+00  2.152869652781979140e-314  -3.461722640678110033e+244  6.215885356947463833e+02  0.000000000000000000e+00
2.600000000000000000e+01  6.271135564722663958e+02  2.152881731698888667e-314  -8.593116475257747329e+98  0.000000000000000000e+00  6.215885356947463833e+02  0.000000000000000000e+00
2.700000000000000000e+01  6.258315718421118845e+02  0.000000000000000000e+00  0.000000000000000000e+00  0.000000000000000000e+00  6.221755581117135989e+02  0.000000000000000000e+00
2.800000000000000000e+01  6.261742767435825954e+02  0.000000000000000000e+00  0.000000000000000000e+00  0.000000000000000000e+00  6.225250958950804261e+02  0.000000000000000000e+00
2.900000000000000000e+01  6.258315718421118845e+02  0.000000000000000000e+00  2.152920308344515952e-314  3.549655100862135382e+47  6.231128409591570971e+02  0.000000000000000000e+00
3.000000000000000000e+01  6.261742767435825954e+02  0.000000000000000000e+00  0.000000000000000000e+00  2.152905921152909054e-314  6.221755581117135989e+02  2.146963856870779050e-314
3.100000000000000000e+01  6.255798158214220166e+02  2.185409003476354779e-261  0.000000000000000000e+00  0.000000000000000000e+00  6.225250958950804261e+02  0.000000000000000000e+00
3.200000000000000000e+01  6.252351853799304990e+02  0.000000000000000000e+00  0.000000000000000000e+00  0.000000000000000000e+00  6.228760432129676019e+02  0.000000000000000000e+00
3.300000000000000000e+01  6.248919653772766196e+02  -8.127399034538322566e-213  0.000000000000000000e+00  0.000000000000000000e+00  6.238122734081797489e+02  0.000000000000000000e+00
3.400000000000000000e+01  6.252351853799304990e+02  0.000000000000000000e+00  0.000000000000000000e+00  0.000000000000000000e+00  6.232283976838160697e+02  0.000000000000000000e+00
3.500000000000000000e+01  6.242962832314848356e+02  0.000000000000000000e+00  2.152853368378292213e-314  1.713055911794993460e+164  6.228760432129676019e+02  -1.531800735318994304e-41
3.600000000000000000e+01  6.255798158214220166e+02  0.000000000000000000e+00  0.000000000000000000e+00  0.000000000000000000e+00  6.215885356947463833e+02  0.000000000000000000e+00
3.700000000000000000e+01  6.255798158214220166e+02  0.000000000000000000e+00  0.000000000000000000e+00  0.000000000000000000e+00  6.215885356947463833e+02  -4.569567918293790899e+46
3.800000000000000000e+01  6.255798158214220166e+02  0.000000000000000000e+00  0.000000000000000000e+00  2.152858320892326125e-314  6.225250958950804261e+02  0.000000000000000000e+00
3.900000000000000000e+01  6.255798158214220166e+02  -4.559085743535393281e-24  0.000000000000000000e+00  0.000000000000000000e+00  6.219400115785409753e+02  0.000000000000000000e+00
4.000000000000000000e+01  6.268639108946845226e+02  0.000000000000000000e+00  0.000000000000000000e+00  0.000000000000000000e+00  6.222928961343097853e+02  2.123837458209134646e-314
4.100000000000000000e+01  6.272108354987976782e+02  0.000000000000000000e+00  2.147113226749354942e-314  -1.380841121539054560e-60  6.213575955270084705e+02  0.000000000000000000e+00
4.200000000000000000e+01  6.259258543716455279e+02  0.000000000000000000e+00  0.000000000000000000e+00  0.000000000000000000e+00  6.204224967708329359e+02  0.000000000000000000e+00
4.300000000000000000e+01  6.255798158214220166e+02  1.101561462369800272e+192  2.152907553545802914e-314  -5.593521239580254691e-142  6.213575955270084705e+02  0.000000000000000000e+00
4.400000000000000000e+01  6.259258543716455279e+02  2.152857131182250940e-314  4.934045419925267279e-82  0.000000000000000000e+00  6.213575955270084705e+02  0.000000000000000000e+00
4.500000000000000000e+01  6.249879899630012687e+02  0.000000000000000000e+00  0.000000000000000000e+00  0.000000000000000000e+00  6.213575955270084705e+02  0.000000000000000000e+00
4.600000000000000000e+01  6.259258543716455279e+02  0.000000000000000000e+00  0.000000000000000000e+00  0.000000000000000000e+00  6.213575955270084705e+02  0.000000000000000000e+00
4.700000000000000000e+01  6.255798158214220166e+02  -3.274320040278924289e+282  0.000000000000000000e+00  0.000000000000000000e+00  6.204224967708329359e+02  3.405254186254256441e-26
4.800000000000000000e+01  6.259258543716455279e+02  0.000000000000000000e+00  0.000000000000000000e+00  0.000000000000000000e+00  6.200685475893111516e+02  0.000000000000000000e+00
4.900000000000000000e+01  6.272108354987976782e+02  1.845092076413365143e-305  2.152918755002125427e-314  6.360260109052084847e-199  6.206521734713367096e+02  1.497320901937381693e-112
5.000000000000000000e+01  6.275591620177364121e+02  2.151903023227203658e-314  -3.548239770764749512e+39  2.152852443487403198e-314  6.210041794029091307e+02  0.000000000000000000e+00
5.100000000000000000e+01  6.288455765251951561e+02  0.000000000000000000e+00  0.000000000000000000e+00  0.000000000000000000e+00  6.206521734713367096e+02  0.000000000000000000e+00
5.200000000000000000e+01  6.284963717272721624e+02  0.000000000000000000e+00  0.000000000000000000e+00  0.000000000000000000e+00  6.210041794029091307e+02  0.000000000000000000e+00
5.300000000000000000e+01  6.272108354987976782e+02  0.000000000000000000e+00  0.000000000000000000e+00  0.000000000000000000e+00  6.200685475893111516e+02  0.000000000000000000e+00
5.400000000000000000e+01  6.284963717272721624e+02  2.152920023762703947e-314  -2.340987486650506701e-229  0.000000000000000000e+00  6.187800465507191348e+02  0.000000000000000000e+00
5.500000000000000000e+01  6.297824596572465907e+02  0.000000000000000000e+00  2.152833044493884887e-314  -4.202850622504221649e-203  6.187800465507191348e+02  0.000000000000000000e+00
5.600000000000000000e+01  6.284963717272721624e+02  0.000000000000000000e+00  0.000000000000000000e+00  0.000000000000000000e+00  6.200685475893111516e+02  0.000000000000000000e+00
5.700000000000000000e+01  6.294337747173593698e+02  7.787552936113221796e+40  0.000000000000000000e+00  0.000000000000000000e+00  6.213575955270084705e+02  0.000000000000000000e+00
5.800000000000000000e+01  6.303713701255991282e+02  0.000000000000000000e+00  0.000000000000000000e+00  0.000000000000000000e+00  6.219400115785409753e+02  0.000000000000000000e+00
5.900000000000000000e+01  6.303713701255991282e+02  0.000000000000000000e+00  2.152871044070837829e-314  -2.849285903981658554e-289  6.222928961343097853e+02  0.000000000000000000e+00
