0  495  560  625.579815821
1  495  561  624.641431772
2  495  560  625.579815821
3  495  560  625.579815821
4  494  561  624.296283231
5  493  562  623.013316602
6  492  562  622.670477938
7  493  561  623.952546681
8  493  560  624.891965377
9  493  561  623.952546681
10  494  561  624.296283231
11  493  562  623.013316602
12  493  563  622.074275995
13  492  564  620.791549806
14  492  564  620.791549806
15  492  563  621.730919437
16  493  563  622.074275995
17  492  562  622.670477938
18  493  561  623.952546681
19  493  562  623.013316602
20  493  561  623.952546681
21  493  562  623.013316602
22  493  563  622.074275995
23  493  563  622.074275995
24  493  564  621.135425721
25  494  565  620.542583967
26  494  566  619.604640822
27  494  567  618.666892098
28  495  566  619.952401786
29  496  565  621.238470874
30  497  564  622.525095895
31  498  565  621.940011579
32  499  566  621.357595527
33  500  565  622.647186967
34  499  565  622.292896134
35  500  564  623.582156922
36  499  563  624.164099272
37  498  564  622.876043213
38  497  565  621.588535695
39  498  564  622.876043213
40  499  565  622.292896134
41  498  564  622.876043213
42  498  563  623.812273408
43  497  563  623.46185318
44  497  562  624.398806662
45  496  561  624.987989963
46  495  560  625.579815821
47  494  559  626.174276744
48  493  559  625.831571842
49  494  559  626.174276744
50  495  559  626.518390535
51  496  558  627.802158671
52  497  559  627.210835499
53  496  558  627.802158671
54  497  558  628.148565001
55  498  559  627.559162018
56  498  558  628.496371727
57  497  557  629.086486341
58  496  556  629.679224562
59  495  556  629.335250125
60  496  557  628.740596844
61  497  556  630.024598662
62  496  557  628.740596844
63  495  558  627.457155056
64  495  558  627.457155056
65  496  558  627.802158671
66  495  558  627.457155056
67  496  559  626.863910895
68  495  559  626.518390535
69  494  558  627.113556472
70  493  558  626.771365231
71  494  557  628.053023721
72  493  557  627.711344703
73  494  557  628.053023721
74  495  558  627.457155056
75  495  557  628.396108535
76  494  558  627.113556472
77  494  559  626.174276744
78  494  558  627.113556472
79  493  559  625.831571842
80  494  559  626.174276744
81  495  559  626.518390535
82  495  558  627.457155056
83  496  557  628.740596844
84  497  558  628.148565001
85  496  558  627.802158671
86  495  557  628.396108535
87  496  558  627.802158671
88  495  557  628.396108535
89  495  556  629.335250125
90  494  555  629.93251742
91  495  556  629.335250125
92  495  556  629.335250125
93  494  557  628.053023721
94  495  558  627.457155056
95  494  558  627.113556472
96  495  559  626.518390535
97  496  560  625.925854372
98  496  560  625.925854372
99  495  559  626.518390535
100  495  559  626.518390535
101  495  558  627.457155056
102  495  557  628.396108535
103  496  556  629.679224562
104  496  556  629.679224562
105  497  556  630.024598662
106  497  556  630.024598662
107  496  557  628.740596844
108  496  556  629.679224562
109  497  556  630.024598662
110  498  556  630.371370126
111  497  555  630.962901112
112  498  554  632.247134772
113  497  554  631.901392844
114  498  555  631.309157095
115  499  556  630.719536646
116  498  557  629.433774717
117  498  556  630.371370126
118  498  556  630.371370126
119  499  556  630.719536646
120  498  557  629.433774717
121  497  557  629.086486341
122  498  556  630.371370126
123  498  555  631.309157095
124  499  556  630.719536646
125  499  556  630.719536646
126  499  555  631.656806629
127  500  555  632.005847417
128  499  554  632.594268749
129  500  554  632.942792485
130  501  555  632.356277153
131  500  556  631.069095915
132  499  556  630.719536646
133  500  556  631.069095915
134  499  557  629.782459657
135  499  557  629.782459657
136  500  558  629.196177067
137  501  558  629.54817102
138  500  559  628.260011462
139  499  560  626.972395309
140  500  561  626.388272284
141  501  560  627.677086898
142  502  560  628.031524929
143  502  561  627.096810199
144  502  562  626.16229722
145  503  562  626.519188723
146  504  563  625.944229821
147  505  563  626.30443946
148  504  562  626.877472473
149  504  562  626.877472473
150  503  561  627.453170072
151  504  560  628.744573666
152  504  559  629.67843038
153  503  560  628.38735464
154  503  560  628.38735464
155  503  560  628.38735464
156  502  559  628.96644051
157  503  558  630.25632981
158  502  558  629.901556048
159  503  559  629.321741519
160  504  558  630.612489964
161  505  557  631.903767004
162  504  556  632.481214142
163  505  555  633.771839362
164  504  556  632.481214142
165  504  555  633.415876952
166  505  554  634.706177089
167  505  554  634.706177089
168  506  553  635.997004239
169  505  552  636.575451216
170  505  551  637.510385858
171  504  552  636.221057661
172  505  552  636.575451216
173  504  553  635.285799589
174  503  552  635.868039461
175  502  551  636.45288952
176  502  550  637.389573114
177  501  550  637.040342575
178  501  549  637.977731231
179  501  548  638.915309773
180  500  548  638.568480036
181  499  548  638.22302889
182  499  549  637.284431699
183  498  548  637.878958574
184  497  549  636.596661421
185  497  548  637.536271324
186  498  549  636.93985428
187  497  550  635.657235818
188  497  550  635.657235818
189  496  549  636.254855361
190  497  550  635.657235818
191  498  549  636.93985428
192  499  549  637.284431699
193  498  548  637.878958574
194  498  549  636.93985428
195  498  550  636.000935681
196  497  551  634.717995333
197  496  551  634.375176875
198  495  550  634.974003248
199  495  550  634.974003248
200  495  550  634.974003248
201  496  549  636.254855361
202  495  549  635.914438339
203  494  549  635.575412585
204  493  549  635.237780328
205  494  549  635.575412585
206  495  548  636.855054947
207  495  549  635.914438339
208  496  548  637.194969373
209  497  548  637.536271324
210  498  547  638.818247743
211  499  548  638.22302889
212  498  547  638.818247743
213  498  547  638.818247743
214  499  547  639.161812347
215  499  548  638.22302889
216  498  547  638.818247743
217  498  548  637.878958574
218  499  547  639.161812347
219  498  548  637.878958574
220  499  547  639.161812347
221  499  546  640.10078125
222  499  545  641.039934783
223  500  546  640.445219393
224  500  547  639.506756298
225  500  547  639.506756298
226  500  547  639.506756298
227  500  548  638.568480036
228  500  549  637.630391432
229  501  549  637.977731231
230  501  550  637.040342575
231  500  549  637.630391432
232  499  549  637.284431699
233  499  549  637.284431699
234  500  550  636.692491316
235  501  550  637.040342575
236  501  551  636.103144646
237  500  552  634.817259888
238  500  552  634.817259888
239  499  553  633.531922151
240  500  554  632.942792485
241  500  553  633.87993026
242  499  554  632.594268749
243  499  553  633.531922151
244  500  554  632.942792485
245  499  555  631.656806629
246  500  556  631.069095915
247  500  556  631.069095915
248  499  557  629.782459657
249  500  556  631.069095915
250  499  555  631.656806629
251  498  554  632.247134772
252  497  555  630.962901112
253  496  554  631.557045253
254  496  555  630.618040979
255  496  555  630.618040979
256  495  554  631.214094281
257  495  555  630.274578986
258  495  554  631.214094281
259  496  553  632.496236548
260  497  554  631.901392844
261  498  554  632.247134772
262  498  555  631.309157095
263  499  554  632.594268749
264  498  554  632.247134772
265  498  555  631.309157095
266  498  554  632.247134772
267  497  555  630.962901112
268  497  555  630.962901112
269  498  556  630.371370126
270  498  557  629.433774717
271  498  556  630.371370126
272  497  555  630.962901112
273  497  556  630.024598662
274  497  557  629.086486341
275  498  557  629.433774717
276  499  557  629.782459657
277  498  556  630.371370126
278  497  555  630.962901112
279  498  556  630.371370126
280  499  555  631.656806629
281  498  556  630.371370126
282  497  557  629.086486341
283  497  557  629.086486341
284  498  558  628.496371727
285  497  559  627.210835499
286  496  560  625.925854372
287  496  559  626.863910895
288  495  560  625.579815821
289  495  559  626.518390535
290  494  559  626.174276744
291  495  559  626.518390535
292  496  560  625.925854372
293  497  559  627.210835499
294  496  559  626.863910895
295  495  560  625.579815821
296  495  559  626.518390535
297  494  558  627.113556472
298  494  559  626.174276744
299  493  559  625.831571842
300  493  559  625.831571842
301  494  558  627.113556472
302  494  558  627.113556472
303  495  557  628.396108535
304  496  557  628.740596844
305  497  556  630.024598662
306  496  557  628.740596844
307  495  556  629.335250125
308  494  555  629.93251742
309  493  554  630.5323913
310  493  553  631.473106808
311  494  552  632.753143515
312  495  552  633.093680853
313  496  552  633.435614031
314  497  552  633.778940789
315  498  551  635.0622036
316  499  550  636.346021599
317  498  551  635.0622036
318  498  552  634.123658865
319  497  551  634.717995333
320  496  550  635.314924258
321  495  550  634.974003248
322  494  551  633.693718403
323  495  552  633.093680853
324  495  553  632.153795179
325  495  554  631.214094281
326  496  553  632.496236548
327  496  553  632.496236548
328  496  554  631.557045253
329  496  554  631.557045253
330  496  554  631.557045253
331  495  555  630.274578986
332  494  554  630.872542205
333  495  554  631.214094281
334  496  553  632.496236548
335  497  553  632.840073016
336  497  553  632.840073016
337  496  553  632.496236548
338  497  553  632.840073016
339  496  554  631.557045253
340  496  555  630.618040979
341  495  555  630.274578986
342  495  554  631.214094281
343  496  554  631.557045253
344  495  553  632.153795179
345  495  552  633.093680853
346  496  552  633.435614031
347  496  551  634.375176875
348  497  551  634.717995333
349  498  551  635.0622036
350  497  551  634.717995333
351  497  551  634.717995333
352  498  550  636.000935681
353  499  551  635.407799417
354  498  551  635.0622036
355  499  552  634.469765988
356  498  551  635.0622036
357  498  552  634.123658865
358  498  551  635.0622036
359  499  551  635.407799417
360  498  552  634.123658865
361  498  553  633.185302309
362  497  552  633.778940789
363  497  552  633.778940789
364  498  553  633.185302309
365  497  553  632.840073016
366  497  554  631.901392844
367  498  553  633.185302309
368  498  554  632.247134772
369  499  553  633.531922151
370  498  554  632.247134772
371  498  553  633.185302309
372  497  554  631.901392844
373  498  555  631.309157095
374  497  555  630.962901112
375  498  554  632.247134772
376  499  555  631.656806629
377  500  554  632.942792485
378  499  555  631.656806629
379  498  556  630.371370126
380  497  556  630.024598662
381  498  557  629.433774717
382  499  557  629.782459657
383  500  557  630.132538842
384  499  556  630.719536646
385  500  555  632.005847417
386  500  556  631.069095915
387  500  556  631.069095915
388  501  556  631.420045619
389  501  556  631.420045619
390  502  555  632.70809353
391  502  555  632.70809353
392  501  555  632.356277153
393  502  555  632.70809353
394  503  555  633.061294235
395  502  554  633.644000051
396  503  554  633.996679278
397  503  555  633.061294235
398  503  556  632.126107056
399  502  557  630.836870652
400  503  557  631.191118619
401  502  557  630.836870652
402  501  558  629.54817102
403  502  559  628.96644051
404  501  560  627.677086898
405  502  561  627.096810199
406  502  560  628.031524929
407  502  559  628.96644051
408  503  558  630.25632981
409  502  559  628.96644051
410  501  560  627.677086898
411  500  560  627.324042907
412  501  560  627.677086898
413  501  561  626.74184348
414  500  560  627.324042907
415  499  561  626.036098975
416  499  560  626.972395309
417  500  560  627.324042907
418  500  559  628.260011462
419  501  558  629.54817102
420  501  558  629.54817102
421  502  558  629.901556048
422  503  557  631.191118619
423  504  558  630.612489964
424  505  557  631.903767004
425  505  556  632.83770237
426  506  555  634.129179139
427  505  554  634.706177089
428  505  555  633.771839362
429  504  554  634.350739061
430  504  553  635.285799589
431  505  554  634.706177089
432  504  555  633.415876952
433  505  554  634.706177089
434  504  554  634.350739061
435  503  554  633.996679278
436  502  554  633.644000051
437  503  555  633.061294235
438  504  555  633.415876952
439  504  556  632.481214142
440  503  557  631.191118619
441  502  557  630.836870652
442  502  556  631.772383439
443  503  555  633.061294235
444  504  555  633.415876952
445  503  555  633.061294235
446  504  554  634.350739061
447  504  555  633.415876952
448  505  555  633.771839362
449  505  555  633.771839362
450  504  556  632.481214142
451  503  555  633.061294235
452  504  556  632.481214142
453  503  555  633.061294235
454  504  554  634.350739061
455  505  554  634.706177089
456  504  555  633.415876952
457  503  554  633.996679278
458  503  554  633.996679278
459  504  555  633.415876952
460  504  555  633.415876952
461  504  554  634.350739061
462  504  554  634.350739061
463  504  554  634.350739061
464  505  554  634.706177089
465  506  555  634.129179139
466  507  554  635.421178618
467  507  554  635.421178618
468  506  555  634.129179139
469  505  554  634.706177089
470  504  554  634.350739061
471  505  553  635.640714667
472  506  554  635.062991048
473  505  554  634.706177089
474  504  555  633.415876952
475  505  556  632.83770237
476  504  555  633.415876952
477  503  556  632.126107056
478  504  556  632.481214142
479  505  557  631.903767004
480  505  558  630.970034159
481  504  559  629.67843038
482  503  559  629.321741519
483  504  560  628.744573666
484  505  559  630.036504737
485  505  560  629.103179642
486  505  559  630.036504737
487  504  559  629.67843038
488  504  558  630.612489964
489  503  559  629.321741519
490  502  558  629.901556048
491  501  557  630.484009949
492  501  558  629.54817102
493  502  558  629.901556048
494  501  558  629.54817102
495  502  558  629.901556048
496  503  558  630.25632981
497  502  559  628.96644051
498  502  558  629.901556048
499  502  559  628.96644051
