0  495  560  625.579815821
1  495  560  625.579815821
2  495  560  625.579815821
3  495  560  625.579815821
4  495  560  625.579815821
5  495  560  625.579815821
6  495  560  625.579815821
7  495  560  625.579815821
8  495  560  625.579815821
9  495  560  625.579815821
10  495  560  625.579815821
11  495  560  625.579815821
12  495  560  625.579815821
13  495  560  625.579815821
14  495  560  625.579815821
15  495  560  625.579815821
16  495  560  625.579815821
17  495  560  625.579815821
18  495  560  625.579815821
19  495  560  625.579815821
20  495  560  625.579815821
21  495  560  625.579815821
22  495  560  625.579815821
23  495  560  625.579815821
24  495  560  625.579815821
25  495  560  625.579815821
26  495  560  625.579815821
27  495  560  625.579815821
28  495  560  625.579815821
29  495  560  625.579815821
30  495  560  625.579815821
31  495  560  625.579815821
32  495  560  625.579815821
33  495  560  625.579815821
34  495  560  625.579815821
35  495  560  625.579815821
36  495  560  625.579815821
37  495  560  625.579815821
38  495  560  625.579815821
39  495  560  625.579815821
40  495  560  625.579815821
41  495  560  625.579815821
42  495  560  625.579815821
43  495  560  625.579815821
44  495  560  625.579815821
45  495  560  625.579815821
46  495  560  625.579815821
47  495  560  625.579815821
48  495  560  625.579815821
49  495  560  625.579815821
