0.000000000000000000e+00  6.259258543716455279e+02  0.000000000000000000e+00  0.000000000000000000e+00  0.000000000000000000e+00  6.261742767435825954e+02  2.152930233135209610e-314
1.000000000000000000e+00  6.259258543716455279e+02  0.000000000000000000e+00  0.000000000000000000e+00  0.000000000000000000e+00  6.265183905346329993e+02  6.336611224655003277e-107
2.000000000000000000e+00  6.268639108946845226e+02  0.000000000000000000e+00  0.000000000000000000e+00  0.000000000000000000e+00  6.252351853799304990e+02  0.000000000000000000e+00
3.000000000000000000e+00  6.265183905346329993e+02  0.000000000000000000e+00  0.000000000000000000e+00  0.000000000000000000e+00  6.255798158214220166e+02  0.000000000000000000e+00
4.000000000000000000e+00  6.252351853799304990e+02  0.000000000000000000e+00  0.000000000000000000e+00  0.000000000000000000e+00  6.255798158214220166e+02  0.000000000000000000e+00
5.000000000000000000e+00  6.255798158214220166e+02  -1.665261642665056330e+208  2.154119504480101825e-314  -3.857970314500417014e+70  6.252351853799304990e+02  -4.437717296269339556e+138
6.000000000000000000e+00  6.261742767435825954e+02  2.154118018330639135e-314  -4.319529534570764584e-303  0.000000000000000000e+00  6.248919653772766196e+02  0.000000000000000000e+00
7.000000000000000000e+00  6.252351853799304990e+02  0.000000000000000000e+00  0.000000000000000000e+00  0.000000000000000000e+00  6.248919653772766196e+02  0.000000000000000000e+00
8.000000000000000000e+00  6.265183905346329993e+02  0.000000000000000000e+00  0.000000000000000000e+00  0.000000000000000000e+00  6.239525466807040175e+02  0.000000000000000000e+00
9.000000000000000000e+00  6.268639108946845226e+02  2.666534161181029261e+264  2.152930039461476441e-314  2.169967914008781998e-214  6.242962832314848356e+02  -1.660633959466875299e-138
1.000000000000000000e+01  6.259258543716455279e+02  0.000000000000000000e+00  0.000000000000000000e+00  0.000000000000000000e+00  6.246414317721443012e+02  2.153361528728878018e-314
1.100000000000000000e+01  6.253359554600167485e+02  8.406698732514199658e-189  2.153362165085429862e-314  4.447015046424481579e-291  6.246414317721443012e+02  0.000000000000000000e+00
1.200000000000000000e+01  6.240503185350577269e+02  0.000000000000000000e+00  0.000000000000000000e+00  0.000000000000000000e+00  6.246414317721443012e+02  0.000000000000000000e+00
1.300000000000000000e+01  6.243988066623226132e+02  0.000000000000000000e+00  2.153361390390497183e-314  -7.847631127152143871e-92  6.240503185350577269e+02  0.000000000000000000e+00
1.400000000000000000e+01  6.256853259148587085e+02  0.000000000000000000e+00  0.000000000000000000e+00  0.000000000000000000e+00  6.243988066623226132e+02  2.148122907208246447e-314
1.500000000000000000e+01  6.253359554600167485e+02  0.000000000000000000e+00  0.000000000000000000e+00  0.000000000000000000e+00  6.231128409591570971e+02  -4.759249538964486481e-144
1.600000000000000000e+01  6.253359554600167485e+02  2.153361141381411679e-314  -1.751432868241305720e+89  0.000000000000000000e+00  6.237032392475202869e+02  2.153344754212070416e-314
1.700000000000000000e+01  6.262732986961357255e+02  0.000000000000000000e+00  0.000000000000000000e+00  0.000000000000000000e+00  6.237032392475202869e+02  0.000000000000000000e+00
1.800000000000000000e+01  6.259258543716455279e+02  2.153361445725849517e-314  -7.451008696096925149e+244  2.151142256993212140e-314  6.227652391132814955e+02  0.000000000000000000e+00
1.900000000000000000e+01  6.268639108946845226e+02  0.000000000000000000e+00  0.000000000000000000e+00  0.000000000000000000e+00  6.231128409591570971e+02  -1.910004310821029955e+290
2.000000000000000000e+01  6.278021586708142650e+02  0.000000000000000000e+00  0.000000000000000000e+00  0.000000000000000000e+00  6.234618531799968650e+02  2.153362635435924703e-314
2.100000000000000000e+01  6.274571550560334572e+02  0.000000000000000000e+00  0.000000000000000000e+00  0.000000000000000000e+00  6.225250958950804261e+02  0.000000000000000000e+00
2.200000000000000000e+01  6.287405968436974035e+02  0.000000000000000000e+00  0.000000000000000000e+00  2.154132998401021041e-314  6.215885356947463833e+02  0.000000000000000000e+00
2.300000000000000000e+01  6.281485650011470625e+02  -1.977403128596751223e-62  0.000000000000000000e+00  0.000000000000000000e+00  6.219400115785409753e+02  -2.134577323583594932e+02
2.400000000000000000e+01  6.281485650011470625e+02  2.154132666388907036e-314  7.592287805593375629e+34  2.147617260663666682e-314  6.232283976838160697e+02  0.000000000000000000e+00
2.500000000000000000e+01  6.281485650011470625e+02  0.000000000000000000e+00  2.153361224384440180e-314  -5.112599138386926107e-213  6.232283976838160697e+02  7.698948984848900251e-249
2.600000000000000000e+01  6.287405968436974035e+02  0.000000000000000000e+00  0.000000000000000000e+00  0.000000000000000000e+00  6.222928961343097853e+02  0.000000000000000000e+00
2.700000000000000000e+01  6.274571550560334572e+02  0.000000000000000000e+00  0.000000000000000000e+00  0.000000000000000000e+00  6.217124194383507074e+02  0.000000000000000000e+00
2.800000000000000000e+01  6.265183905346329993e+02  2.153345884634268101e-314  -2.466562898276365557e-49  0.000000000000000000e+00  6.204224967708329359e+02  0.000000000000000000e+00
2.900000000000000000e+01  6.255798158214220166e+02  2.774581090266988263e-266  2.154119662581108494e-314  7.324948707682946619e+126  6.191331170462530054e+02  -1.329154545873509289e+294
3.000000000000000000e+01  6.255798158214220166e+02  0.000000000000000000e+00  0.000000000000000000e+00  0.000000000000000000e+00  6.191331170462530054e+02  2.154132140703059861e-314
3.100000000000000000e+01  6.246414317721443012e+02  0.000000000000000000e+00  0.000000000000000000e+00  0.000000000000000000e+00  6.191331170462530054e+02  0.000000000000000000e+00
3.200000000000000000e+01  6.255798158214220166e+02  2.153361639399582687e-314  -3.290367165827646680e-280  2.153361362722821016e-314  6.200685475893111516e+02  2.152929984126124106e-314
3.300000000000000000e+01  6.268639108946845226e+02  0.000000000000000000e+00  0.000000000000000000e+00  0.000000000000000000e+00  6.197160101223983020e+02  -5.446206187676520418e-186
3.400000000000000000e+01  6.278021586708142650e+02  0.000000000000000000e+00  0.000000000000000000e+00  0.000000000000000000e+00  6.187800465507191348e+02  0.000000000000000000e+00
3.500000000000000000e+01  6.278021586708142650e+02  0.000000000000000000e+00  0.000000000000000000e+00  0.000000000000000000e+00  6.200685475893111516e+02  0.000000000000000000e+00
3.600000000000000000e+01  6.265183905346329993e+02  0.000000000000000000e+00  0.000000000000000000e+00  0.000000000000000000e+00  6.204224967708329359e+02  0.000000000000000000e+00
3.700000000000000000e+01  6.278021586708142650e+02  0.000000000000000000e+00  2.152917339998115737e-314  5.561234460561689388e-75  6.191331170462530054e+02  0.000000000000000000e+00
3.800000000000000000e+01  6.287405968436974035e+02  0.000000000000000000e+00  0.000000000000000000e+00  0.000000000000000000e+00  6.181978886875443777e+02  2.153344643541365748e-314
3.900000000000000000e+01  6.281485650011470625e+02  -1.253231418808653061e+170  0.000000000000000000e+00  0.000000000000000000e+00  6.185529084740405779e+02  0.000000000000000000e+00
4.000000000000000000e+01  6.294337747173593698e+02  0.000000000000000000e+00  0.000000000000000000e+00  0.000000000000000000e+00  6.179753919683158756e+02  2.153362884445010207e-314
4.100000000000000000e+01  6.290864863413204375e+02  1.557690051528858754e+292  2.153344505202984912e-314  1.288602145489634424e-36  6.174005750847799163e+02  0.000000000000000000e+00
4.200000000000000000e+01  6.294337747173593698e+02  2.153361916076344358e-314  1.168124536719589317e-204  0.000000000000000000e+00  6.170416504013974190e+02  2.154132583385878535e-314
4.300000000000000000e+01  6.294337747173593698e+02  -7.286993479110195632e-273  2.154172879379953347e-314  -2.074062151345002055e+86  6.183337745545774169e+02  -2.578408306024955160e-244
4.400000000000000000e+01  6.290864863413204375e+02  0.000000000000000000e+00  0.000000000000000000e+00  0.000000000000000000e+00  6.192671825928761109e+02  0.000000000000000000e+00
4.500000000000000000e+01  6.278021586708142650e+02  0.000000000000000000e+00  0.000000000000000000e+00  0.000000000000000000e+00  6.189093405888440884e+02  0.000000000000000000e+00
4.600000000000000000e+01  6.278021586708142650e+02  0.000000000000000000e+00  0.000000000000000000e+00  2.153361113713735512e-314  6.198434953268973686e+02  0.000000000000000000e+00
4.700000000000000000e+01  6.290864863413204375e+02  0.000000000000000000e+00  0.000000000000000000e+00  0.000000000000000000e+00  6.207778552518205970e+02  -2.638418939150968692e+138
4.800000000000000000e+01  6.287405968436974035e+02  2.153361584064230353e-314  5.386275945272494345e+294  2.154156563356065085e-314  6.213575955270084705e+02  2.153344671209041915e-314
4.900000000000000000e+01  6.281485650011470625e+02  0.000000000000000000e+00  0.000000000000000000e+00  0.000000000000000000e+00  6.213575955270084705e+02  0.000000000000000000e+00
5.000000000000000000e+01  6.287405968436974035e+02  0.000000000000000000e+00  0.000000000000000000e+00  2.152918885435455929e-314  6.219400115785409753e+02  0.000000000000000000e+00
5.100000000000000000e+01  6.278021586708142650e+02  0.000000000000000000e+00  0.000000000000000000e+00  0.000000000000000000e+00  6.210041794029091307e+02  0.000000000000000000e+00
5.200000000000000000e+01  6.290864863413204375e+02  0.000000000000000000e+00  0.000000000000000000e+00  2.154132832394964039e-314  6.219400115785409753e+02  0.000000000000000000e+00
5.300000000000000000e+01  6.290864863413204375e+02  -2.529236700315444813e+38  0.000000000000000000e+00  0.000000000000000000e+00  6.210041794029091307e+02  0.000000000000000000e+00
5.400000000000000000e+01  6.300245986624113357e+02  0.000000000000000000e+00  0.000000000000000000e+00  2.154118619114464478e-314  6.219400115785409753e+02  0.000000000000000000e+00
5.500000000000000000e+01  6.303713701255991282e+02  0.000000000000000000e+00  0.000000000000000000e+00  0.000000000000000000e+00  6.213575955270084705e+02  0.000000000000000000e+00
5.600000000000000000e+01  6.297824596572465907e+02  2.154132749391935537e-314  -2.167261219318525966e-07  0.000000000000000000e+00  6.200685475893111516e+02  0.000000000000000000e+00
5.700000000000000000e+01  6.303713701255991282e+02  0.000000000000000000e+00  0.000000000000000000e+00  0.000000000000000000e+00  6.194876007799962281e+02  0.000000000000000000e+00
5.800000000000000000e+01  6.313091570945402964e+02  2.153361833073315857e-314  7.060769114005790894e+260  0.000000000000000000e+00  6.198434953268973686e+02  0.000000000000000000e+00
5.900000000000000000e+01  6.300245986624113357e+02  0.000000000000000000e+00  0.000000000000000000e+00  0.000000000000000000e+00  6.207778552518205970e+02  -7.569665182801612278e-62
